Signature: 2/2, Ticks per Beat: 480
onset;onsetics;takt;beat;ticks;pitch;durs;durtic;dur16;LBDM1;LBDM2;refLBDM1;refLBDM2;temperley;simple
0,0000;0;1;1;0;62;0,4990;479;2;0;0;1;0;0;0
0,5000;480;1;2;0;64;0,4990;479;2;0;0;0;0;0;0
1,0000;960;2;1;0;65;1,4990;1439;6;0;0;1;0;0;0
2,5000;2400;3;2;0;64;0,4990;479;2;0;0;0;0;0;0
3,0000;2880;4;1;0;65;0,9990;959;4;1;0;1;0;0;0
4,0000;3840;5;1;0;67;1,4990;1439;6;0;0;0;0;0;0
5,5000;5280;6;2;0;65;0,4990;479;2;0;0;0;0;0;0
6,0000;5760;7;1;0;67;0,9990;959;4;0;0;0;0;0;0
7,0000;6720;8;1;0;69;3,9990;3839;16;1;1;1;1;1;1
12,0000;11520;13;1;0;69;0,9990;959;4;0;0;0;0;0;0
13,0000;12480;14;1;0;67;1,4990;1439;6;1;0;0;0;0;0
14,5000;13920;15;2;0;69;0,4990;479;2;0;0;0;0;0;0
15,0000;14400;16;1;0;70;0,9990;959;4;0;0;0;0;0;0
16,0000;15360;17;1;0;69;1,4990;1439;6;0;0;0;0;0;0
17,5000;16800;18;2;0;70;0,4990;479;2;0;0;0;0;0;0
18,0000;17280;19;1;0;67;0,9990;959;4;0;0;0;0;0;0
19,0000;18240;20;1;0;65;4,9990;4799;20;1;1;1;0;1;1
24,0000;23040;25;1;0;65;0,4990;479;2;0;0;0;0;0;0
24,5000;23520;25;2;0;67;0,4990;479;2;0;0;0;0;0;0
25,0000;24000;26;1;0;69;1,9990;1919;8;0;0;0;0;0;1
27,0000;25920;28;1;0;69;0,9990;959;4;1;1;1;1;0;0
28,0000;26880;29;1;0;72;1,4990;1439;6;0;0;0;0;0;0
29,5000;28320;30;2;0;70;0,4990;479;2;0;0;0;0;0;0
30,0000;28800;31;1;0;69;0,9990;959;4;1;1;0;0;0;0
31,0000;29760;32;1;0;67;2,9990;2879;12;0;0;0;0;1;1
34,0000;32640;35;1;0;64;0,9990;959;4;0;0;1;0;0;0
35,0000;33600;36;1;0;69;0,9990;959;4;0;0;0;0;0;0
36,0000;34560;37;1;0;67;0,9990;959;4;0;0;0;0;0;0
37,0000;35520;38;1;0;65;1,4990;1439;6;0;0;0;0;0;0
38,5000;36960;39;2;0;64;0,4990;479;2;1;0;1;0;0;0
39,0000;37440;40;1;0;62;0,9990;959;4;0;0;0;0;0;0
40,0000;38400;41;1;0;61;1,4990;1439;6;0;0;0;0;0;0
41,5000;39840;42;2;0;62;0,4990;479;2;0;0;1;0;0;0
42,0000;40320;43;1;0;64;0,9990;959;4;0;0;0;0;0;0
43,0000;41280;44;1;0;62;4,9990;4799;20;1;1;1;1;1;1
