Signature: 1/1, Ticks per Beat: 480
onset;onsetics;takt;beat;ticks;pitch;durs;durtic;dur16;LBDM1;LBDM2;refLBDM1;refLBDM2;temperley;simple
0,0000;0;1;1;0;62;0,4990;479;6;1;0;1;0;0;0
0,5000;480;2;1;0;62;0,3323;319;4;0;0;0;0;0;0
0,8333;800;2;1;320;62;0,3323;319;4;0;0;0;0;0;0
1,1667;1120;3;1;160;62;0,3323;319;4;0;0;1;1;0;0
1,5000;1440;4;1;0;69;0,7490;719;9;1;1;0;0;0;0
2,2500;2160;5;1;240;71;0,2490;239;3;0;0;0;0;0;0
2,5000;2400;6;1;0;72;0,4990;479;6;0;0;0;0;0;0
3,0000;2880;7;1;0;71;0,4990;479;6;0;0;0;0;0;0
3,5000;3360;8;1;0;69;0,4990;479;6;0;0;0;0;0;0
4,0000;3840;9;1;0;67;0,9990;959;12;1;0;1;0;1;0
5,0000;4800;11;1;0;67;0,4990;479;6;0;0;0;0;0;0
5,5000;5280;12;1;0;69;0,4990;479;6;1;0;0;0;0;0
6,0000;5760;13;1;0;69;0,2490;239;3;0;0;0;0;0;0
6,2500;6000;13;1;240;69;0,2490;239;3;0;0;1;1;0;0
6,5000;6240;14;1;0;74;0,7490;719;9;1;0;0;0;0;0
7,2500;6960;15;1;240;76;0,2490;239;3;0;0;0;0;0;0
7,5000;7200;16;1;0;74;0,4990;479;6;1;1;1;0;0;0
8,0000;7680;17;1;0;72;0,2490;239;3;0;0;0;0;0;0
8,2500;7920;17;1;240;71;0,2490;239;3;0;0;0;0;0;0
8,5000;8160;18;1;0;69;0,9990;959;12;1;1;1;1;1;0
9,5000;9120;20;1;0;69;0,2490;239;3;0;0;0;0;0;0
9,7500;9360;20;1;240;67;0,2490;239;3;0;0;0;0;0;0
10,0000;9600;21;1;0;69;0,4990;479;6;1;0;1;0;0;0
10,5000;10080;22;1;0;74;0,4990;479;6;0;0;0;0;0;0
11,0000;10560;23;1;0;72;0,4990;479;6;0;0;0;0;0;0
11,5000;11040;24;1;0;71;0,4990;479;6;0;0;0;0;0;0
12,0000;11520;25;1;0;69;0,4990;479;6;1;0;0;0;0;0
12,5000;12000;26;1;0;72;0,4990;479;6;0;0;0;0;0;0
13,0000;12480;27;1;0;74;0,4990;479;6;0;0;0;0;0;0
13,5000;12960;28;1;0;69;0,9990;959;12;1;1;1;1;1;0
14,5000;13920;30;1;0;72;0,4990;479;6;0;0;0;0;0;0
15,0000;14400;31;1;0;71;0,4990;479;6;0;0;0;0;0;0
15,5000;14880;32;1;0;69;0,4990;479;6;0;0;0;0;0;0
16,0000;15360;33;1;0;67;0,9990;959;12;1;0;1;0;0;0
17,0000;16320;35;1;0;69;0,4990;479;6;0;0;0;0;0;0
17,5000;16800;36;1;0;65;0,4990;479;6;0;0;0;0;0;0
18,0000;17280;37;1;0;64;0,4990;479;6;0;0;0;0;0;0
18,5000;17760;38;1;0;62;0,9990;959;12;1;1;1;0;1;0
19,5000;18720;40;1;0;62;0,4990;479;6;0;0;0;0;0;0
20,0000;19200;41;1;0;62;0,4990;479;6;0;0;0;0;0;0
20,5000;19680;42;1;0;62;0,4990;479;6;0;0;1;1;0;0
21,0000;20160;43;1;0;69;0,9990;959;12;1;0;0;0;0;0
22,0000;21120;45;1;0;67;0,4990;479;6;0;0;0;0;0;0
22,5000;21600;46;1;0;69;0,2490;239;3;0;0;0;0;0;0
22,7500;21840;46;1;240;70;0,2490;239;3;0;0;0;0;0;0
23,0000;22080;47;1;0;69;0,7490;719;9;1;1;1;0;0;0
23,7500;22800;48;1;240;67;0,2490;239;3;0;0;0;0;0;0
24,0000;23040;49;1;0;65;0,4990;479;6;1;0;0;0;0;0
24,5000;23520;50;1;0;64;0,9990;959;12;0;0;0;1;0;0
25,5000;24480;52;1;0;62;0,9990;959;12;1;1;1;1;1;1
