Signature: 1/1, Ticks per Beat: 480
onset;onsetics;takt;beat;ticks;pitch;durs;durtic;dur16;LBDM1;LBDM2;refLBDM1;refLBDM2;temperley;simple
0,0000;0;1;1;0;68;0,7490;719;6;0;0;1;0;0;0
0,7500;720;2;1;240;70;0,2490;239;2;0;0;0;0;0;0
1,0000;960;3;1;0;73;0,7490;719;6;1;1;1;1;0;0
1,7500;1680;4;1;240;70;0,2490;239;2;0;0;0;0;0;0
2,0000;1920;5;1;0;73;0,4990;479;4;0;0;1;0;0;0
2,5000;2400;6;1;0;68;0,4990;479;4;1;0;0;0;0;0
3,0000;2880;7;1;0;65;0,2490;239;2;0;0;0;0;0;0
3,2500;3120;7;1;240;63;0,2490;239;2;0;0;0;0;0;0
3,5000;3360;8;1;0;61;0,4990;479;4;1;1;1;1;0;0
4,0000;3840;9;1;0;73;0,2490;239;2;0;0;0;0;0;0
4,2500;4080;9;1;240;73;0,7490;719;6;1;1;1;0;1;0
5,0000;4800;11;1;0;68;0,2490;239;2;0;0;0;0;0;0
5,2500;5040;11;1;240;70;0,2490;239;2;0;0;0;0;0;0
5,5000;5280;12;1;0;68;0,2490;239;2;1;0;1;0;0;0
5,7500;5520;12;1;240;77;0,2490;239;2;0;0;0;0;0;0
6,0000;5760;13;1;0;75;0,2490;239;2;0;0;0;0;0;0
6,2500;6000;13;1;240;73;0,7490;719;6;1;1;1;1;0;0
7,0000;6720;15;1;0;75;0,2490;239;2;0;0;0;0;0;0
7,2500;6960;15;1;240;73;0,4990;479;4;1;1;0;0;0;0
7,7500;7440;16;1;240;73;0,9990;959;8;0;0;1;0;1;1
8,7500;8400;18;1;240;80;0,9990;959;8;0;0;0;0;0;1
9,7500;9360;20;1;240;77;0,4990;479;4;0;0;0;0;0;0
10,2500;9840;21;1;240;80;0,4990;479;4;1;0;1;0;0;0
10,7500;10320;22;1;240;77;0,2490;239;2;0;0;0;0;0;0
11,0000;10560;23;1;0;75;0,2490;239;2;0;0;0;0;0;0
11,2500;10800;23;1;240;73;0,4990;479;4;1;1;1;0;0;0
11,7500;11280;24;1;240;73;0,2490;239;2;0;0;0;0;0;0
12,0000;11520;25;1;0;73;0,7490;719;6;1;1;1;1;1;0
12,7500;12240;26;1;240;73;0,2490;239;2;0;0;0;0;0;0
13,0000;12480;27;1;0;75;0,2490;239;2;0;0;0;0;0;0
13,2500;12720;27;1;240;77;0,2490;239;2;1;0;1;0;0;0
13,5000;12960;28;1;0;72;0,2490;239;2;0;0;0;0;0;0
13,7500;13200;28;1;240;70;0,2490;239;2;0;0;0;0;0;0
14,0000;13440;29;1;0;68;0,7490;719;6;1;1;1;1;1;0
14,7500;14160;30;1;240;70;0,2490;239;2;0;0;0;0;0;0
15,0000;14400;31;1;0;68;0,4990;479;4;0;0;0;0;0;0
15,5000;14880;32;1;0;73;0,4990;479;4;1;0;0;1;0;0
16,0000;15360;33;1;0;68;0,2490;239;2;0;0;0;0;0;0
16,2500;15600;33;1;240;70;0,2490;239;2;0;0;1;0;0;0
16,5000;15840;34;1;0;75;0,2490;239;2;0;0;0;0;0;0
16,7500;16080;34;1;240;73;0,4990;479;4;1;0;1;0;0;0
17,2500;16560;35;1;240;70;0,2490;239;2;0;0;0;0;0;0
17,5000;16800;36;1;0;73;0,4990;479;4;1;1;1;0;0;0
18,0000;17280;37;1;0;65;0,2490;239;2;0;0;0;0;0;0
18,2500;17520;37;1;240;68;0,2490;239;2;0;0;0;0;0;0
18,5000;17760;38;1;0;65;0,2490;239;2;0;0;0;0;0;0
18,7500;18000;38;1;240;63;0,2490;239;2;1;0;1;1;1;0
19,2500;18480;39;1;240;65;0,2490;239;2;0;0;0;0;0;0
19,5000;18720;40;1;0;68;0,3740;359;3;1;1;1;0;0;0
19,8750;19080;40;1;360;70;0,1240;119;1;0;0;0;0;0;0
20,0000;19200;41;1;0;73;0,4990;479;4;0;0;0;0;0;0
20,5000;19680;42;1;0;73;0,4990;479;4;1;0;1;1;0;0
21,0000;20160;43;1;0;65;0,2490;239;2;0;0;0;0;0;0
21,2500;20400;43;1;240;63;0,2490;239;2;0;0;0;0;0;0
21,5000;20640;44;1;0;65;0,2490;239;2;0;0;0;0;0;0
21,7500;20880;44;1;240;61;0,4990;479;4;1;0;1;0;0;0
22,2500;21360;45;1;240;63;0,2490;239;2;0;0;0;0;0;0
22,5000;21600;46;1;0;61;0,4990;479;4;1;1;1;1;1;0
23,5000;22560;48;1;0;73;0,7490;719;6;0;0;0;0;0;0
24,2500;23280;49;1;240;68;0,2490;239;2;0;0;0;0;0;0
24,5000;23520;50;1;0;70;0,2490;239;2;0;0;0;0;0;0
24,7500;23760;50;1;240;68;0,2490;239;2;1;0;1;0;0;0
25,0000;24000;51;1;0;77;0,2490;239;2;0;0;0;0;0;0
25,2500;24240;51;1;240;75;0,2490;239;2;0;0;0;0;0;0
25,5000;24480;52;1;0;73;0,7490;719;6;1;1;1;1;0;0
26,2500;25200;53;1;240;75;0,2490;239;2;0;0;0;0;0;0
26,5000;25440;54;1;0;71;0,4990;479;4;0;0;0;0;0;0
27,0000;25920;55;1;0;70;0,4990;479;4;0;0;0;0;0;0
27,5000;26400;56;1;0;68;0,7490;719;6;1;1;1;0;1;0
28,2500;27120;57;1;240;70;0,2490;239;2;0;0;0;0;0;0
28,5000;27360;58;1;0;73;0,7490;719;6;1;0;1;1;0;0
29,2500;28080;59;1;240;70;0,2490;239;2;0;0;0;0;0;0
29,5000;28320;60;1;0;73;0,4990;479;4;1;1;1;0;0;0
30,0000;28800;61;1;0;65;0,2490;239;2;0;0;0;0;0;0
30,2500;29040;61;1;240;68;0,2490;239;2;0;0;0;0;0;0
30,5000;29280;62;1;0;65;0,2490;239;2;0;0;0;0;0;0
30,7500;29520;62;1;240;63;0,2490;239;2;1;0;1;0;1;0
31,2500;30000;63;1;240;65;0,2490;239;2;0;0;0;0;0;0
31,5000;30240;64;1;0;68;0,7490;719;6;1;1;1;1;0;0
32,2500;30960;65;1;240;70;0,2490;239;2;0;0;0;0;0;0
32,5000;31200;66;1;0;73;0,4990;479;4;1;1;1;0;0;0
33,0000;31680;67;1;0;70;0,2490;239;2;0;0;0;0;0;0
33,2500;31920;67;1;240;68;0,2490;239;2;1;0;0;0;0;0
33,5000;32160;68;1;0;65;0,4990;479;4;0;0;0;0;0;0
34,0000;32640;69;1;0;63;0,4990;479;4;0;0;0;0;0;0
34,5000;33120;70;1;0;65;0,2490;239;2;0;0;0;0;0;0
34,7500;33360;70;1;240;61;0,4990;479;4;1;0;1;1;1;0
35,5000;34080;72;1;0;63;0,2490;239;2;0;0;0;0;0;0
35,7500;34320;72;1;240;65;0,3740;359;3;1;1;1;0;0;0
36,1250;34680;73;1;120;68;0,1240;119;1;0;0;0;0;0;0
36,2500;34800;73;1;240;70;0,3740;359;3;1;0;1;0;0;0
36,6250;35160;74;1;120;73;0,1240;119;1;0;0;0;0;0;0
36,7500;35280;74;1;240;68;0,4990;479;4;1;1;1;1;0;0
37,2500;35760;75;1;240;65;0,2490;239;2;0;0;0;0;0;0
37,5000;36000;76;1;0;63;0,2490;239;2;0;0;0;0;0;0
37,7500;36240;76;1;240;61;0,3740;359;3;1;0;1;0;0;0
38,1250;36600;77;1;120;63;0,1240;119;1;0;0;0;0;0;0
38,2500;36720;77;1;240;65;0,2490;239;2;0;0;1;0;0;0
38,5000;36960;78;1;0;68;0,2490;239;2;0;0;0;0;0;0
38,7500;37200;78;1;240;68;0,2490;239;2;0;0;1;1;0;0
39,0000;37440;79;1;0;61;0,7490;719;6;1;1;1;1;1;1
