Signature: 1/1, Ticks per Beat: 480
onset;onsetics;takt;beat;ticks;pitch;durs;durtic;dur16;LBDM1;LBDM2;refLBDM1;refLBDM2;temperley;simple
0,0000;0;1;1;0;60;0,4990;479;4;0;0;0;0;0;0
0,5000;480;2;1;0;60;0,4990;479;4;1;1;1;0;0;0
1,0000;960;3;1;0;60;0,2490;239;2;0;0;0;0;0;0
1,2500;1200;3;1;240;60;0,2490;239;2;0;0;0;0;0;0
1,5000;1440;4;1;0;62;0,4990;479;4;0;0;1;1;0;0
2,0000;1920;5;1;0;64;0,4990;479;4;0;1;0;0;0;0
2,5000;2400;6;1;0;64;0,2490;239;2;0;1;1;1;0;0
2,7500;2640;6;1;240;62;0,1240;119;1;0;0;0;0;0;0
2,8750;2760;6;1;360;60;0,1240;119;1;1;0;1;0;0;0
3,0000;2880;7;1;0;62;0,2490;239;2;0;0;0;0;0;0
3,2500;3120;7;1;240;62;0,2490;239;2;0;0;0;0;0;0
3,5000;3360;8;1;0;60;0,9990;959;8;1;1;1;1;1;0
5,0000;4800;11;1;0;60;0,4990;479;4;0;0;0;0;0;0
5,5000;5280;12;1;0;64;0,4990;479;4;0;0;0;0;0;0
6,0000;5760;13;1;0;62;0,4990;479;4;0;0;0;0;0;0
6,5000;6240;14;1;0;64;0,4990;479;4;0;0;0;0;0;0
7,0000;6720;15;1;0;65;0,4990;479;4;0;0;0;0;0;0
7,5000;7200;16;1;0;67;0,7490;719;6;1;1;1;0;0;0
8,2500;7920;17;1;240;65;0,2490;239;2;0;0;0;0;0;0
8,5000;8160;18;1;0;64;0,2490;239;2;0;0;0;0;0;0
8,7500;8400;18;1;240;62;0,2490;239;2;0;0;0;0;0;0
9,0000;8640;19;1;0;65;0,4990;479;4;0;0;0;0;0;0
9,5000;9120;20;1;0;64;0,9990;959;8;1;1;1;1;1;0
11,0000;10560;23;1;0;60;0,4990;479;4;0;0;0;0;0;0
11,5000;11040;24;1;0;64;0,4990;479;4;0;0;0;0;0;0
12,0000;11520;25;1;0;64;0,4990;479;4;0;0;0;0;0;0
12,5000;12000;26;1;0;65;0,4990;479;4;0;0;1;0;0;0
13,0000;12480;27;1;0;67;0,7490;719;6;1;0;0;0;0;0
13,7500;13200;28;1;240;67;0,2490;239;2;0;0;0;0;0;0
14,0000;13440;29;1;0;67;0,4990;479;4;1;0;1;0;0;0
14,5000;13920;30;1;0;65;0,4990;479;4;0;0;0;0;0;0
15,0000;14400;31;1;0;64;0,4990;479;4;0;0;0;0;0;0
15,5000;14880;32;1;0;62;0,9990;959;8;1;1;1;1;1;0
17,0000;16320;35;1;0;67;0,4990;479;4;0;0;0;0;0;0
17,5000;16800;36;1;0;65;0,4990;479;4;0;0;0;0;0;0
18,0000;17280;37;1;0;65;0,4990;479;4;1;0;1;0;0;0
18,5000;17760;38;1;0;64;0,4990;479;4;0;0;0;0;0;0
19,0000;18240;39;1;0;64;0,4990;479;4;0;0;1;0;0;0
19,5000;18720;40;1;0;62;0,4990;479;4;0;0;0;0;0;0
20,0000;19200;41;1;0;60;0,4990;479;4;0;0;0;0;0;0
20,5000;19680;42;1;0;59;0,4990;479;4;0;0;0;0;0;0
21,0000;20160;43;1;0;55;0,4990;479;4;1;1;1;1;1;0
22,0000;21120;45;1;0;55;0,4990;479;4;0;0;0;0;0;0
22,5000;21600;46;1;0;60;0,7490;719;6;1;0;0;0;0;0
23,2500;22320;47;1;240;62;0,2490;239;2;0;0;0;0;0;0
23,5000;22560;48;1;0;64;0,2490;239;2;0;0;0;0;0;0
23,7500;22800;48;1;240;65;0,2490;239;2;0;0;0;0;0;0
24,0000;23040;49;1;0;67;0,9990;959;8;1;1;1;0;0;0
25,0000;24000;51;1;0;65;0,4990;479;4;0;0;0;0;0;0
25,5000;24480;52;1;0;64;0,4990;479;4;0;0;0;0;0;0
26,0000;24960;53;1;0;64;0,4990;479;4;0;0;1;0;0;0
26,5000;25440;54;1;0;62;0,4990;479;4;0;0;0;0;0;0
27,0000;25920;55;1;0;60;0,4990;479;4;0;1;0;0;0;0
27,5000;26400;56;1;0;62;0,9990;959;8;0;1;1;0;0;0
28,5000;27360;58;1;0;60;0,9990;959;8;1;1;1;1;1;1
